0	478	0
0	572	0
0	622	0
0	632	0
0	664	0
1	479	0
1	483	0
1	484	0
1	485	0
1	487	0
1	488	0
1	491	0
1	512	0
1	524	0
1	526	1
1	533	0
1	552	0
1	562	0
1	569	0
1	572	1
1	573	0
1	574	0
1	579	0
1	602	0
1	605	0
1	618	0
1	623	0
1	624	0
1	647	0
1	648	0
1	669	1
1	684	0
2	653	0
3	486	0
3	487	0
3	488	0
3	524	0
3	579	0
4	499	0
5	486	0
5	487	0
6	653	0
6	676	0
7	467	0
7	479	0
7	483	0
7	485	0
7	486	0
7	487	0
7	488	0
7	491	0
7	496	0
7	499	0
7	512	0
7	524	0
7	529	0
7	533	0
7	552	0
7	569	0
7	573	0
7	574	0
7	577	0
7	579	0
7	591	0
7	602	0
7	618	0
7	623	0
7	624	0
7	633	0
7	647	0
7	648	0
7	651	0
7	653	0
7	674	0
7	676	0
7	684	0
8	496	0
8	524	0
8	533	0
8	579	0
8	648	0
8	674	0
8	676	0
9	533	0
10	486	0
10	487	0
10	524	0
10	562	0
10	569	0
10	579	0
10	602	0
10	647	0
10	651	0
10	674	0
10	676	0
10	684	0
11	496	0
11	529	0
11	533	0
11	579	0
11	602	0
11	648	0
11	651	0
11	653	0
11	674	0
11	676	0
12	487	0
12	496	0
12	499	0
12	529	0
12	533	0
12	577	0
12	579	0
12	633	0
12	647	0
12	648	0
13	512	0
13	647	0
14	486	0
14	623	0
14	624	0
15	487	0
15	624	0
16	466	2
16	467	0
16	468	1
16	476	2
16	478	1
16	479	0
16	483	0
16	486	0
16	487	0
16	490	1
16	491	0
16	496	0
16	498	0
16	499	0
16	507	1
16	512	0
16	513	1
16	521	1
16	524	0
16	528	0
16	529	0
16	532	0
16	533	0
16	535	1
16	545	0
16	552	0
16	553	1
16	562	0
16	563	1
16	569	0
16	570	1
16	573	0
16	574	0
16	576	1
16	577	0
16	579	0
16	580	0
16	588	1
16	591	0
16	592	1
16	602	0
16	618	0
16	622	1
16	623	0
16	624	0
16	633	0
16	639	1
16	646	0
16	647	0
16	648	0
16	650	1
16	651	0
16	653	0
16	666	1
16	670	1
16	674	0
16	676	0
16	682	0
16	684	0
17	478	1
17	490	0
17	507	1
17	513	0
17	553	1
17	563	1
17	570	1
17	588	1
17	592	0
17	622	1
17	646	0
17	650	2
18	466	0
18	468	0
18	478	0
18	489	0
18	490	0
18	513	1
18	563	1
18	570	1
18	592	0
18	639	1
19	467	0
19	479	0
19	483	0
19	486	0
19	487	0
19	491	0
19	496	0
19	499	0
19	512	0
19	524	0
19	529	0
19	533	0
19	552	0
19	569	0
19	573	0
19	574	0
19	577	0
19	579	0
19	591	0
19	602	0
19	618	0
19	623	0
19	624	0
19	633	0
19	647	0
19	648	0
19	651	0
19	653	0
19	674	0
19	676	0
19	684	0
20	499	0
20	533	0
20	648	0
20	653	0
21	487	0
21	499	0
21	512	0
21	524	0
21	533	0
21	552	0
21	562	0
21	618	0
21	624	0
21	684	0
22	529	0
22	579	0
22	648	0
22	653	0
22	674	0
22	676	0
23	479	0
23	487	0
23	496	0
23	499	0
23	623	0
23	647	0
23	648	0
23	684	0
24	562	0
24	623	0
24	633	0
25	486	0
26	467	0
26	529	0
26	579	0
27	483	1
27	490	0
27	491	0
27	494	1
27	498	1
27	515	1
27	670	1
27	673	1
27	674	1
27	677	1
28	467	0
28	499	0
28	533	0
28	577	0
28	579	0
28	633	0
28	648	0
28	651	0
28	653	0
29	499	0
29	653	0
30	479	0
30	483	0
30	485	0
30	486	0
30	487	0
30	488	0
30	491	0
30	499	0
30	512	0
30	524	0
30	529	0
30	533	0
30	552	0
30	562	0
30	569	0
30	577	0
30	579	0
30	591	0
30	602	0
30	618	0
30	623	0
30	624	0
30	633	0
30	647	0
30	648	0
30	651	0
30	653	0
30	674	0
30	676	0
30	684	0
31	496	0
31	499	0
31	512	0
31	524	0
31	533	0
31	577	0
31	579	0
31	602	0
31	648	0
31	653	0
31	676	0
33	524	0
34	479	0
34	483	0
34	485	0
34	487	0
34	499	0
34	512	0
34	533	0
34	562	0
34	579	0
34	591	0
35	499	0
35	512	0
35	529	0
35	533	0
35	552	0
35	633	0
35	684	0
36	467	0
36	577	0
36	579	0
36	648	0
37	467	0
37	479	0
37	483	0
37	485	0
37	486	0
37	487	0
37	488	0
37	491	0
37	496	0
37	499	0
37	521	2
37	524	0
37	529	0
37	533	0
37	552	0
37	562	0
37	563	2
37	569	0
37	570	0
37	573	0
37	574	0
37	577	0
37	579	0
37	591	0
37	602	0
37	618	0
37	623	0
37	624	0
37	633	0
37	647	0
37	648	0
37	651	0
37	653	0
37	674	0
37	676	0
37	684	0
38	478	0
38	513	0
38	521	2
38	563	0
38	570	0
38	576	0
38	588	1
38	592	0
38	670	0
39	467	0
39	483	0
39	486	0
39	487	0
39	491	0
39	496	0
39	499	0
39	512	0
39	524	0
39	529	0
39	533	0
39	552	0
39	569	0
39	577	0
39	579	0
39	591	0
39	602	0
39	618	0
39	623	0
39	624	0
39	633	0
39	647	0
39	648	0
39	651	0
39	653	0
39	674	0
39	676	0
39	684	0
40	573	0
40	574	0
40	618	0
40	633	0
40	684	0
41	478	2
41	490	2
41	513	2
41	563	2
41	576	2
41	581	0
41	592	2
41	670	2
41	682	0
42	487	0
42	491	0
42	496	0
42	499	0
42	524	0
42	529	0
42	533	0
42	552	0
42	569	0
42	577	0
42	579	0
42	591	0
42	602	0
42	618	0
42	624	0
42	633	0
42	647	0
42	648	0
42	651	0
42	653	0
42	674	0
42	676	0
42	684	0
43	479	0
43	483	0
43	486	0
43	487	0
43	488	0
43	491	0
43	496	0
43	499	0
43	512	0
43	524	0
43	529	0
43	533	0
43	552	0
43	562	0
43	577	0
43	579	0
43	591	0
43	602	0
43	623	0
43	624	0
43	633	0
43	647	0
43	648	0
43	651	0
43	653	0
43	674	0
43	676	0
44	467	0
45	467	0
45	479	0
45	483	0
45	486	0
45	487	0
45	491	0
45	496	0
45	499	0
45	512	0
45	524	0
45	529	0
45	533	0
45	552	0
45	569	0
45	577	0
45	579	0
45	591	0
45	602	0
45	618	0
45	623	0
45	624	0
45	633	0
45	647	0
45	648	0
45	651	0
45	653	0
45	674	0
45	676	0
45	684	0
46	483	0
46	485	0
46	486	0
46	487	0
46	491	0
46	499	0
46	512	0
46	524	0
46	529	0
46	533	0
46	562	0
46	569	0
46	579	0
46	591	0
46	602	0
46	618	0
46	623	0
46	624	0
46	633	0
46	648	0
46	651	0
46	674	0
46	676	0
47	479	0
47	483	0
47	485	0
47	486	0
47	487	0
47	488	0
47	491	0
47	496	0
47	499	0
47	512	0
47	524	0
47	529	0
47	533	0
47	552	0
47	562	0
47	569	0
47	577	0
47	579	0
47	591	0
47	602	0
47	618	0
47	623	0
47	624	0
47	633	0
47	647	0
47	648	0
47	651	0
47	653	0
47	674	0
47	676	0
47	684	0
48	467	0
49	467	0
49	479	0
49	483	0
49	486	0
49	487	0
49	488	0
49	491	0
49	496	0
49	499	0
49	512	0
49	524	0
49	529	0
49	533	0
49	552	0
49	569	0
49	573	0
49	574	0
49	577	0
49	579	0
49	591	0
49	602	0
49	618	0
49	623	0
49	624	0
49	633	0
49	647	0
49	648	0
49	651	0
49	653	0
49	674	0
49	676	0
49	684	0
50	485	0
50	487	0
50	499	0
50	524	0
50	529	0
50	562	0
50	577	0
50	579	0
50	623	0
50	624	0
50	648	0
50	651	0
50	676	0
51	602	0
52	486	0
52	487	0
52	499	0
52	524	0
52	529	0
52	533	0
52	562	0
52	569	0
52	577	0
52	579	0
52	591	0
52	624	0
52	633	0
52	647	0
52	648	0
52	651	0
52	653	0
53	499	0
54	467	0
55	552	0
56	653	0
57	529	0
57	577	0
57	623	0
57	624	0
57	648	0
57	653	0
58	486	0
58	487	0
58	499	0
58	524	0
58	529	0
58	533	0
58	562	0
58	569	0
58	577	0
58	579	0
58	591	0
58	647	0
58	648	0
58	651	0
58	653	0
59	466	1
60	467	0
60	479	0
60	483	0
60	485	0
60	486	0
60	487	0
60	488	0
60	491	0
60	496	0
60	499	0
60	512	0
60	524	0
60	529	0
60	533	0
60	552	0
60	562	0
60	569	0
60	573	0
60	574	0
60	577	0
60	579	0
60	591	0
60	618	0
60	623	0
60	624	0
60	633	0
60	647	0
60	648	0
60	651	0
60	653	0
60	674	0
60	676	0
60	684	0
61	512	0
61	524	0
62	602	0
63	478	1
63	490	0
63	507	1
63	513	0
63	521	1
63	553	1
63	563	1
63	576	2
63	588	1
63	592	2
63	666	1
63	670	0
64	487	0
64	491	0
64	499	0
64	524	0
64	529	0
64	533	0
64	552	0
64	579	0
64	618	0
64	647	0
64	648	0
64	651	0
64	674	0
64	676	0
64	684	0
65	476	2
65	478	2
65	499	0
65	513	2
65	563	2
65	570	2
65	647	0
65	666	2
65	670	0
66	467	0
66	479	0
66	483	0
66	486	0
66	487	0
66	488	0
66	491	0
66	496	0
66	499	0
66	524	0
66	529	0
66	533	0
66	552	0
66	569	0
66	573	0
66	574	0
66	577	0
66	579	0
66	591	0
66	602	0
66	618	0
66	623	0
66	624	0
66	633	0
66	647	0
66	648	0
66	651	0
66	653	0
66	674	0
66	676	0
66	684	0
67	467	0
67	479	0
67	486	0
67	487	0
67	491	0
67	496	0
67	499	0
67	524	0
67	529	0
67	533	0
67	552	0
67	569	0
67	573	0
67	574	0
67	577	0
67	579	0
67	591	0
67	602	0
67	618	0
67	623	0
67	624	0
67	633	0
67	647	0
67	648	0
67	651	0
67	653	0
67	674	0
67	676	0
67	684	0
68	476	2
68	478	1
68	490	0
68	513	1
68	521	1
68	535	2
68	563	2
68	570	0
68	576	2
68	592	2
68	666	2
68	670	2
68	682	2
69	467	0
69	486	0
69	487	0
69	491	0
69	499	0
69	524	0
69	529	0
69	533	0
69	562	0
69	569	0
69	573	0
69	574	0
69	577	0
69	579	0
69	591	0
69	602	0
69	618	0
69	623	0
69	624	0
69	633	0
69	647	0
69	648	0
69	651	0
69	653	0
69	674	0
69	676	0
69	684	0
70	478	0
70	486	0
70	487	0
70	490	0
70	491	0
70	499	0
70	513	0
70	521	1
70	524	0
70	529	0
70	563	1
70	570	0
70	573	0
70	574	0
70	577	0
70	579	0
70	591	0
70	592	2
70	618	0
70	623	0
70	624	0
70	633	0
70	647	0
70	648	0
70	653	0
70	654	1
70	666	1
70	670	0
70	674	0
70	676	0
70	682	2
70	684	0
71	486	0
71	487	0
71	491	0
71	499	0
71	524	0
71	529	0
71	533	0
71	552	0
71	562	0
71	573	0
71	574	0
71	577	0
71	579	0
71	591	0
71	618	0
71	623	0
71	633	0
71	647	0
71	648	0
71	651	0
71	653	0
71	674	0
71	676	0
71	684	0
72	466	0
72	468	0
72	476	0
72	478	0
72	489	0
72	490	0
72	513	2
72	521	1
72	535	1
72	563	1
72	570	1
72	576	0
72	581	0
72	588	1
72	592	0
72	639	1
72	666	1
72	670	0
73	467	0
73	479	0
73	483	0
73	486	0
73	487	0
73	491	0
73	496	0
73	499	0
73	524	0
73	529	0
73	533	0
73	552	0
73	562	0
73	569	0
73	573	0
73	574	0
73	577	0
73	579	0
73	591	0
73	602	0
73	618	0
73	623	0
73	633	0
73	647	0
73	648	0
73	651	0
73	653	0
73	674	0
73	676	0
73	684	0
74	467	0
74	479	0
74	486	0
74	487	0
74	491	0
74	499	0
74	512	0
74	524	0
74	529	0
74	533	0
74	569	0
74	573	0
74	574	0
74	577	0
74	579	0
74	591	0
74	618	0
74	623	0
74	624	0
74	633	0
74	647	0
74	648	0
74	651	0
74	653	0
74	674	0
74	676	0
74	684	0
75	478	2
75	513	2
75	521	1
75	563	2
75	570	2
75	592	2
76	467	0
76	479	0
76	483	0
76	486	0
76	487	0
76	491	0
76	496	0
76	499	0
76	524	0
76	529	0
76	533	0
76	552	0
76	562	0
76	569	0
76	573	0
76	574	0
76	577	0
76	579	0
76	591	0
76	602	0
76	618	0
76	623	0
76	624	0
76	633	0
76	647	0
76	648	0
76	651	0
76	653	0
76	674	0
76	676	0
76	684	0
77	478	0
77	486	0
77	487	0
77	491	0
77	499	0
77	513	2
77	521	1
77	524	0
77	529	0
77	533	0
77	552	0
77	562	0
77	563	1
77	569	0
77	570	0
77	573	0
77	574	0
77	577	0
77	579	0
77	591	0
77	592	2
77	618	0
77	623	0
77	624	0
77	633	0
77	647	0
77	648	0
77	653	0
77	674	0
77	676	0
77	684	0
78	479	0
78	486	0
78	487	0
78	491	0
78	496	0
78	499	0
78	524	0
78	529	0
78	533	0
78	552	0
78	569	0
78	573	0
78	574	0
78	577	0
78	579	0
78	602	0
78	618	0
78	624	0
78	633	0
78	647	0
78	648	0
78	651	0
78	653	0
78	674	0
78	676	0
78	684	0
79	478	0
79	490	2
79	507	1
79	513	1
79	521	1
79	553	1
79	563	1
79	570	2
79	576	2
79	581	0
79	592	0
79	636	1
79	639	1
79	666	2
79	670	1
80	479	0
80	483	0
80	486	0
80	487	0
80	488	0
80	491	0
80	499	0
80	524	0
80	529	0
80	533	0
80	552	0
80	562	0
80	573	0
80	574	0
80	577	0
80	579	0
80	591	0
80	618	0
80	623	0
80	624	0
80	633	0
80	647	0
80	648	0
80	651	0
80	653	0
80	674	0
80	676	0
80	684	0
81	570	0
82	478	0
82	490	0
82	513	0
82	521	1
82	563	1
82	570	0
82	576	0
82	588	0
82	592	0
82	666	1
82	670	0
82	682	2
83	478	1
83	563	1
83	666	1
84	491	0
84	499	0
84	524	0
84	529	0
84	533	0
84	562	0
84	577	0
84	579	0
84	591	0
84	618	0
84	633	0
84	647	0
84	648	0
84	651	0
84	653	0
84	674	0
84	676	0
84	684	0
85	478	2
85	490	0
85	507	1
85	513	1
85	521	1
85	563	2
85	570	0
85	588	1
85	592	0
32	490	0
32	513	1
32	521	1
32	570	0
32	588	1
32	592	0
87	487	0
87	491	0
87	499	0
87	524	0
87	529	0
87	533	0
87	562	0
87	569	0
87	573	0
87	574	0
87	577	0
87	579	0
87	591	0
87	618	0
87	623	0
87	624	0
87	633	0
87	647	0
87	648	0
87	674	0
87	676	0
87	684	0
86	478	0
86	490	0
86	513	0
86	521	1
86	563	1
86	570	1
86	592	0
88	476	2
88	478	2
88	490	2
88	513	2
88	521	1
88	563	1
88	570	0
88	592	2
88	670	0
89	478	0
89	490	2
89	513	1
89	553	2
89	563	0
89	570	0
89	592	2
90	476	1
90	478	0
90	490	0
90	513	0
90	521	1
90	563	1
90	570	0
90	576	0
90	581	0
90	592	1
90	666	1
90	670	0
91	478	2
91	513	2
91	521	1
91	563	1
91	570	2
91	592	2
92	476	2
92	478	1
92	490	0
92	507	1
92	513	0
92	521	1
92	553	1
92	563	1
92	570	0
92	576	2
92	588	1
92	592	0
92	654	1
92	666	1
92	670	1
92	682	2
93	467	0
93	486	0
93	487	0
93	491	0
93	496	0
93	499	0
93	524	0
93	529	0
93	533	0
93	569	0
93	573	0
93	574	0
93	577	0
93	579	0
93	591	0
93	602	0
93	618	0
93	623	0
93	624	0
93	633	0
93	647	0
93	648	0
93	651	0
93	653	0
93	674	0
93	676	0
93	684	0
94	563	2
94	570	2
95	486	0
95	487	0
95	499	0
95	529	0
95	647	0
95	684	0
96	479	0
96	486	0
96	487	0
96	491	0
96	496	0
96	499	0
96	524	0
96	529	0
96	533	0
96	552	0
96	569	0
96	573	0
96	574	0
96	577	0
96	579	0
96	591	0
96	602	0
96	618	0
96	623	0
96	624	0
96	633	0
96	647	0
96	648	0
96	651	0
96	653	0
96	674	0
96	676	0
96	684	0
97	478	2
97	513	2
97	521	2
97	592	2
98	467	0
98	479	0
98	483	0
98	485	0
98	486	0
98	487	0
98	488	0
98	491	0
98	496	0
98	499	0
98	512	0
98	524	0
98	529	0
98	533	0
98	552	0
98	562	0
98	569	0
98	573	0
98	574	0
98	577	0
98	579	0
98	591	0
98	602	0
98	618	0
98	623	0
98	624	0
98	633	0
98	647	0
98	648	0
98	651	0
98	653	0
98	674	0
98	676	0
98	684	0
99	467	0
100	467	0
100	479	0
100	483	0
100	485	0
100	486	0
100	487	0
100	488	0
100	491	0
100	496	0
100	499	0
100	512	0
100	524	0
100	529	0
100	533	0
100	552	0
100	562	0
100	569	0
100	573	0
100	574	0
100	577	0
100	579	0
100	591	0
100	602	0
100	618	0
100	623	0
100	624	0
100	633	0
100	647	0
100	648	0
100	651	0
100	653	0
100	674	0
100	676	0
100	684	0
101	496	0
101	499	0
101	529	0
101	653	0
102	479	0
102	483	0
102	485	0
102	486	0
102	487	0
102	488	0
102	499	0
102	512	0
102	524	0
102	529	0
102	533	0
102	552	0
102	562	0
102	569	0
102	577	0
102	579	0
102	591	0
102	602	0
102	618	0
102	624	0
102	633	0
102	647	0
102	648	0
102	651	0
102	653	0
102	684	0
103	467	0
104	467	0
104	486	0
104	487	0
104	524	0
104	623	0
104	624	0
105	467	0
105	483	0
105	485	0
105	487	0
105	529	0
105	623	0
105	624	0
105	633	0
106	467	0
106	479	0
106	483	0
106	485	0
106	486	0
106	487	0
106	488	0
106	491	0
106	496	0
106	499	0
106	512	0
106	524	0
106	529	0
106	533	0
106	552	0
106	562	0
106	569	0
106	573	0
106	574	0
106	577	0
106	579	0
106	591	0
106	602	0
106	618	0
106	623	0
106	624	0
106	633	0
106	647	0
106	648	0
106	651	0
106	653	0
106	674	0
106	676	0
106	684	0
107	512	0
107	623	0
107	624	0
107	674	0
108	487	0
108	499	0
108	529	0
109	524	0
109	573	0
109	574	0
109	624	0
110	466	2
110	468	0
110	478	1
110	490	1
110	498	1
110	507	1
110	513	0
110	521	2
110	532	0
110	545	0
110	553	1
110	563	1
110	570	0
110	576	1
110	580	2
110	581	0
110	588	0
110	592	0
110	632	0
110	639	0
110	646	1
110	650	0
110	666	1
110	670	0
110	680	0
110	682	0
111	479	0
111	483	0
111	485	0
111	486	0
111	487	0
111	488	0
111	491	0
111	496	0
111	499	0
111	512	0
111	524	0
111	529	0
111	533	0
111	552	0
111	562	0
111	569	0
111	573	0
111	574	0
111	577	0
111	579	0
111	591	0
111	602	0
111	618	0
111	623	0
111	624	0
111	633	0
111	647	0
111	648	0
111	651	0
111	653	0
111	674	0
111	676	0
111	684	0
112	529	0
112	574	0
112	633	0
113	467	0
113	476	2
113	478	0
113	479	0
113	483	0
113	485	0
113	486	0
113	487	0
113	488	0
113	490	0
113	491	0
113	496	0
113	499	0
113	507	1
113	513	0
113	521	2
113	524	0
113	529	0
113	533	0
113	535	2
113	552	0
113	553	1
113	562	0
113	563	0
113	569	0
113	570	1
113	573	0
113	574	0
113	576	2
113	577	0
113	579	0
113	581	2
113	588	1
113	591	0
113	592	0
113	602	0
113	618	0
113	623	0
113	624	0
113	633	0
113	639	1
113	647	0
113	648	0
113	651	0
113	653	0
113	666	1
113	670	1
113	674	0
113	676	0
113	682	2
113	684	0
114	618	0
115	499	0
115	524	0
115	529	0
115	533	0
115	569	0
115	577	0
115	579	0
115	591	0
115	602	0
115	647	0
115	648	0
115	651	0
115	653	0
116	478	0
116	479	0
116	483	0
116	485	0
116	486	0
116	487	0
116	488	0
116	490	0
116	491	0
116	496	0
116	499	0
116	507	1
116	512	0
116	513	1
116	521	1
116	524	0
116	529	0
116	533	0
116	552	0
116	553	1
116	562	0
116	563	1
116	569	0
116	570	0
116	573	0
116	574	0
116	577	0
116	579	0
116	588	1
116	591	0
116	592	0
116	602	0
116	618	0
116	623	0
116	624	0
116	633	0
116	647	0
116	648	0
116	651	0
116	653	0
116	670	1
116	674	0
116	676	0
116	684	0
117	466	0
117	468	0
117	478	0
117	489	0
117	490	0
117	498	0
117	507	1
117	513	0
117	532	0
117	545	1
117	553	1
117	563	1
117	570	1
117	576	0
117	580	0
117	581	0
117	588	1
117	592	0
117	632	2
117	646	0
117	650	0
117	666	0
117	670	1
117	682	0
118	467	0
118	479	0
118	483	0
118	485	0
118	486	0
118	487	0
118	488	0
118	491	0
118	496	0
118	499	0
118	512	0
118	524	0
118	529	0
118	533	0
118	552	0
118	562	0
118	569	0
118	574	0
118	577	0
118	579	0
118	591	0
118	602	0
118	618	0
118	623	0
118	624	0
118	633	0
118	647	0
118	648	0
118	651	0
118	653	0
118	674	0
118	676	0
118	684	0
119	479	0
119	483	0
119	485	0
119	486	0
119	487	0
119	488	0
119	499	0
119	512	0
119	524	0
119	533	0
119	552	0
119	562	0
119	569	0
119	577	0
119	579	0
119	591	0
119	618	0
119	624	0
119	633	0
119	647	0
119	648	0
119	651	0
119	653	0
119	684	0
120	479	0
120	483	0
120	485	0
120	486	0
120	487	0
120	499	0
120	512	0
120	524	0
120	529	0
120	533	0
120	552	0
120	569	0
120	577	0
120	579	0
120	602	0
120	618	0
120	647	0
120	648	0
120	651	0
120	653	0
120	676	0
121	577	0
121	579	0
121	647	0
121	648	0
122	633	0
123	479	0
123	483	0
123	485	0
123	486	0
123	487	0
123	488	0
123	491	0
123	496	0
123	499	0
123	512	0
123	524	0
123	529	0
123	533	0
123	552	0
123	562	0
123	569	0
123	577	0
123	579	0
123	591	0
123	602	0
123	618	0
123	623	0
123	624	0
123	633	0
123	648	0
123	651	0
123	653	0
123	674	0
123	676	0
123	684	0
124	479	0
124	483	0
124	485	0
124	486	0
124	487	0
124	491	0
124	496	0
124	499	0
124	524	0
124	529	0
124	533	0
124	562	0
124	569	0
124	577	0
124	579	0
124	591	0
124	623	0
124	624	0
124	633	0
124	647	0
124	648	0
124	651	0
124	653	0
124	676	0
125	467	0
125	479	0
125	486	0
125	487	0
125	491	0
125	496	0
125	499	0
125	524	0
125	529	0
125	533	0
125	562	0
125	577	0
125	579	0
125	591	0
125	602	0
125	618	0
125	624	0
125	633	0
125	647	0
125	648	0
125	651	0
125	653	0
125	674	0
125	676	0
126	467	0
126	479	0
126	483	0
126	485	0
126	487	0
126	499	0
126	533	0
126	552	0
126	573	0
126	574	0
126	577	0
126	579	0
126	624	0
126	633	0
126	647	0
126	648	0
126	653	0
126	684	0
127	469	1
128	467	0
128	486	0
128	487	0
128	684	0
129	488	0
130	473	0
130	525	0
130	532	0
130	563	1
130	592	0
130	639	1
130	646	0
131	496	0
131	499	0
131	524	0
131	647	0
131	684	0
132	486	0
133	569	0
134	490	0
134	553	1
134	563	1
134	588	1
135	618	0
136	579	0
137	479	0
137	483	0
137	485	0
137	487	0
137	488	0
137	491	0
137	496	0
137	499	0
137	512	0
137	524	0
137	529	0
137	533	0
137	552	0
137	562	0
137	569	0
137	577	0
137	579	0
137	591	0
137	602	0
137	618	0
137	623	0
137	624	0
137	633	0
137	647	0
137	648	0
137	651	0
137	674	0
137	676	0
138	647	0
139	467	0
139	479	0
139	483	0
139	485	0
139	486	0
139	487	0
139	488	0
139	491	0
139	496	0
139	499	0
139	512	0
139	524	0
139	529	0
139	533	0
139	552	0
139	562	0
139	569	0
139	573	0
139	574	0
139	577	0
139	579	0
139	591	0
139	602	0
139	618	0
139	623	0
139	624	0
139	633	0
139	647	0
139	648	0
139	651	0
139	653	0
139	674	0
139	676	0
139	684	0
140	577	0
141	479	0
141	483	0
141	485	0
141	486	0
141	487	0
141	491	0
141	496	0
141	499	0
141	524	0
141	529	0
141	533	0
141	552	0
141	569	0
141	577	0
141	579	0
141	591	0
141	602	0
141	618	0
141	623	0
141	624	0
141	647	0
141	648	0
141	651	0
141	653	0
141	674	0
141	676	0
141	684	0
142	479	0
142	483	0
142	485	0
142	486	0
142	487	0
142	488	0
142	499	0
142	512	0
142	524	0
142	529	0
142	533	0
142	552	0
142	562	0
142	569	0
142	577	0
142	579	0
142	591	0
142	618	0
142	623	0
142	624	0
142	633	0
142	647	0
142	648	0
142	651	0
142	653	0
142	674	0
142	676	0
142	684	0
143	483	0
143	512	0
143	524	0
143	533	0
143	623	0
143	624	0
143	633	0
143	674	0
144	467	0
144	479	0
144	483	0
144	486	0
144	487	0
144	488	0
144	491	0
144	496	0
144	499	0
144	524	0
144	529	0
144	533	0
144	552	0
144	562	0
144	577	0
144	579	0
144	591	0
144	602	0
144	618	0
144	624	0
144	633	0
144	647	0
144	648	0
144	651	0
144	653	0
144	674	0
144	676	0
145	483	0
145	486	0
145	512	0
145	524	0
145	618	0
145	623	0
145	624	0
145	674	0
145	676	0
146	577	0
147	479	0
147	483	0
147	485	0
147	486	0
147	487	0
147	488	0
147	499	0
147	533	0
147	618	0
147	623	0
147	624	0
147	633	0
147	648	0
147	651	0
147	653	0
148	479	0
148	483	0
148	485	0
148	487	0
148	488	0
148	499	0
148	524	0
148	591	0
148	618	0
148	623	0
148	624	0
148	633	0
148	676	0
149	529	0
150	496	0
150	648	0
150	653	0
150	674	0
151	577	0
152	467	0
152	478	0
152	479	0
152	483	0
152	485	0
152	486	0
152	487	0
152	488	0
152	490	0
152	491	0
152	496	0
152	499	0
152	513	0
152	524	0
152	529	0
152	533	0
152	552	0
152	562	0
152	563	2
152	569	0
152	570	0
152	576	0
152	577	0
152	579	0
152	591	0
152	592	1
152	602	0
152	618	0
152	623	0
152	624	0
152	647	0
152	648	0
152	651	0
152	653	0
152	666	1
152	670	1
152	674	0
152	676	0
152	684	0
153	569	0
154	618	0
155	491	0
155	496	0
155	499	0
155	512	0
155	524	0
155	529	0
155	533	0
155	552	0
155	562	0
155	569	0
155	602	0
155	618	0
155	623	0
155	647	0
155	648	0
155	653	0
155	674	0
155	676	0
156	478	2
156	490	2
156	513	2
156	521	2
156	553	1
156	563	0
156	570	0
156	576	2
156	581	0
156	588	1
156	592	2
156	636	1
156	670	0
156	682	2
157	467	0
157	479	0
157	483	0
157	485	0
157	486	0
157	487	0
157	488	0
157	491	0
157	496	0
157	499	0
157	512	0
157	524	0
157	529	0
157	533	0
157	552	0
157	562	0
157	569	0
157	573	0
157	574	0
157	577	0
157	579	0
157	591	0
157	602	0
157	618	0
157	623	0
157	624	0
157	633	0
157	647	0
157	648	0
157	651	0
157	653	0
157	674	0
157	676	0
157	684	0
158	479	0
158	485	0
158	486	0
158	487	0
158	491	0
158	496	0
158	499	0
158	524	0
158	529	0
158	533	0
158	552	0
158	562	0
158	569	0
158	577	0
158	579	0
158	591	0
158	602	0
158	618	0
158	623	0
158	624	0
158	633	0
158	647	0
158	648	0
158	651	0
158	653	0
158	674	0
158	676	0
159	479	0
160	486	0
160	487	0
160	499	0
160	524	0
160	529	0
160	533	0
160	552	0
160	562	0
160	569	0
160	577	0
160	579	0
160	591	0
160	602	0
160	623	0
160	624	0
160	633	0
160	647	0
160	648	0
160	651	0
160	653	0
160	676	0
161	486	0
161	487	0
161	579	0
161	618	0
161	623	0
161	624	0
161	633	0
162	499	0
162	524	0
162	529	0
162	533	0
162	569	0
162	577	0
162	579	0
162	648	0
162	651	0
162	653	0
162	674	0
163	476	2
163	478	2
163	479	0
163	483	0
163	485	0
163	486	0
163	487	0
163	488	0
163	490	2
163	512	0
163	513	2
163	524	0
163	529	0
163	533	0
163	552	0
163	553	1
163	562	0
163	563	2
163	573	0
163	574	0
163	579	0
163	592	2
163	618	0
163	623	0
163	633	0
163	639	1
163	648	0
163	651	0
163	653	0
163	666	2
163	670	2
163	676	0
163	684	0
164	487	0
164	499	0
164	529	0
164	533	0
164	562	0
164	577	0
164	653	0
165	499	0
165	648	0
165	653	0
166	653	0
167	478	0
167	490	0
167	513	0
167	563	1
167	570	0
167	592	0
168	467	0
168	478	0
168	479	0
168	483	0
168	485	0
168	486	0
168	487	0
168	488	0
168	490	0
168	491	0
168	496	0
168	499	0
168	513	0
168	524	0
168	529	0
168	533	0
168	535	0
168	552	0
168	562	0
168	563	0
168	569	0
168	570	0
168	576	1
168	577	0
168	579	0
168	581	0
168	591	0
168	592	0
168	602	0
168	618	0
168	623	0
168	624	0
168	633	0
168	647	0
168	648	0
168	651	0
168	653	0
168	666	1
168	670	0
168	674	0
168	676	0
168	682	0
168	684	0
169	479	0
169	487	0
169	524	0
169	533	0
169	579	0
169	624	0
169	633	0
169	653	0
170	529	0
171	486	0
171	487	0
171	524	0
171	562	0
172	499	0
172	579	0
172	648	0
172	653	0
173	479	0
173	483	0
173	485	0
173	486	0
173	487	0
173	488	0
173	618	0
173	623	0
173	624	0
174	483	0
174	623	0
175	499	0
175	648	0
175	653	0
176	491	0
176	499	0
176	524	0
176	529	0
176	533	0
176	562	0
176	579	0
176	591	0
176	602	0
176	647	0
176	648	0
176	651	0
176	653	0
176	674	0
176	676	0
177	524	0
178	602	0
179	533	0
180	624	0
181	479	0
181	485	0
181	486	0
181	487	0
181	512	0
181	524	0
181	533	0
181	623	0
181	624	0
181	633	0
181	648	0
181	653	0
181	674	0
181	676	0
182	499	0
182	653	0
183	483	0
184	486	0
184	487	0
184	512	0
184	533	0
184	577	0
184	579	0
184	633	0
184	648	0
185	512	0
186	574	0
187	486	0
187	487	0
187	490	2
187	524	0
187	529	0
187	552	0
187	563	0
187	570	0
187	573	0
187	574	0
187	592	2
187	684	0
188	467	0
188	479	0
188	483	0
188	485	0
188	486	0
188	487	0
188	488	0
188	491	0
188	496	0
188	499	0
188	512	0
188	524	0
188	529	0
188	533	0
188	552	0
188	562	0
188	569	0
188	573	0
188	574	0
188	577	0
188	579	0
188	591	0
188	602	0
188	618	0
188	623	0
188	624	0
188	633	0
188	647	0
188	648	0
188	651	0
188	653	0
188	674	0
188	676	0
188	684	0
189	479	0
189	483	0
189	485	0
189	486	0
189	487	0
189	488	0
189	524	0
189	552	0
189	569	0
189	573	0
189	574	0
189	618	0
189	623	0
189	633	0
189	647	0
189	651	0
189	674	0
189	676	0
190	507	1
190	570	1
190	588	1
190	636	1
191	467	0
191	486	0
191	487	0
191	491	0
191	496	0
191	499	0
191	524	0
191	529	0
191	533	0
191	552	0
191	562	0
191	569	0
191	577	0
191	579	0
191	591	0
191	602	0
191	618	0
191	624	0
191	633	0
191	647	0
191	648	0
191	651	0
191	653	0
191	674	0
191	676	0
192	602	0
193	574	0
194	483	0
194	618	0
194	623	0
194	624	0
195	479	0
195	483	0
195	485	0
195	486	0
195	487	0
195	488	0
195	499	0
195	512	0
195	524	0
195	552	0
195	562	0
195	569	0
195	573	0
195	574	0
195	577	0
195	591	0
195	618	0
195	633	0
195	647	0
195	648	0
195	684	0
196	648	0
197	483	0
197	618	0
198	574	0
199	579	0
199	623	0
199	633	0
199	647	0
199	648	0
200	579	0
200	648	0
201	569	0
201	579	0
202	478	2
202	507	1
202	513	2
202	553	1
202	563	0
202	570	0
202	588	1
202	592	2
202	639	1
202	666	2
203	467	0
203	479	0
203	483	0
203	485	0
203	486	0
203	487	0
203	488	0
203	491	0
203	496	0
203	499	0
203	512	0
203	524	0
203	529	0
203	533	0
203	552	0
203	562	0
203	569	0
203	573	0
203	574	0
203	577	0
203	579	0
203	591	0
203	618	0
203	623	0
203	624	0
203	633	0
203	647	0
203	648	0
203	651	0
203	653	0
203	674	0
203	676	0
203	684	0
204	467	0
204	479	0
204	483	0
204	485	0
204	486	0
204	487	0
204	488	0
204	491	0
204	496	0
204	499	0
204	512	0
204	524	0
204	529	0
204	533	0
204	552	0
204	562	0
204	569	0
204	573	0
204	574	0
204	577	0
204	579	0
204	591	0
204	618	0
204	623	0
204	624	0
204	633	0
204	647	0
204	648	0
204	651	0
204	653	0
204	674	0
204	676	0
204	684	0
205	479	0
205	483	0
205	485	0
205	486	0
205	487	0
205	488	0
205	491	0
205	496	0
205	499	0
205	512	0
205	524	0
205	529	0
205	533	0
205	552	0
205	562	0
205	569	0
205	577	0
205	579	0
205	591	0
205	618	0
205	623	0
205	624	0
205	633	0
205	647	0
205	648	0
205	651	0
205	653	0
205	674	0
205	676	0
205	684	0
206	572	0
206	592	1
207	476	0
207	478	0
207	490	0
207	513	0
207	535	0
207	563	1
207	576	1
207	592	0
207	666	2
208	478	2
208	479	0
208	483	0
208	485	0
208	486	0
208	487	0
208	488	0
208	490	2
208	491	0
208	496	0
208	499	0
208	512	0
208	513	0
208	524	0
208	529	0
208	533	0
208	552	0
208	553	2
208	562	0
208	563	0
208	569	0
208	570	0
208	573	0
208	574	0
208	577	0
208	581	0
208	591	0
208	602	0
208	618	0
208	623	0
208	624	0
208	633	0
208	647	0
208	648	0
208	651	0
208	653	0
208	666	1
208	674	0
208	676	0
208	682	2
208	684	0
209	577	0
209	648	0
209	651	0
210	499	0
210	533	0
210	577	0
210	579	0
210	648	0
210	653	0
211	467	1
211	524	0
211	572	1
211	595	0
211	627	1
211	633	0
212	476	2
212	478	0
212	490	2
212	513	2
212	563	0
212	570	0
212	592	0
212	666	2
212	670	0
212	682	2
213	648	0
213	653	0
213	674	0
214	512	0
215	614	0
215	646	1
216	529	0
217	577	0
217	579	0
217	647	0
217	648	0
217	651	0
218	467	0
218	552	0
219	486	0
219	487	0
219	562	0
219	633	0
220	467	0
220	479	0
220	483	0
220	485	0
220	486	0
220	487	0
220	488	0
220	491	0
220	496	0
220	499	0
220	512	0
220	524	0
220	529	0
220	533	0
220	552	0
220	562	0
220	569	0
220	573	0
220	577	0
220	579	0
220	591	0
220	602	0
220	618	0
220	623	0
220	624	0
220	633	0
220	648	0
220	651	0
220	653	0
220	674	0
220	676	0
220	684	0
221	479	0
221	483	0
221	485	0
221	486	0
221	487	0
221	488	0
221	491	0
221	499	0
221	524	0
221	591	0
221	618	0
221	623	0
221	624	0
221	633	0
221	648	0
221	651	0
221	676	0
222	499	0
222	577	0
222	579	0
222	648	0
222	653	0
223	479	0
223	483	0
223	533	0
223	562	0
223	618	0
223	647	0
224	479	0
224	684	0
225	529	0
226	524	0
226	569	0
226	623	0
227	483	0
227	573	0
227	618	0
227	633	0
228	467	0
228	479	0
228	483	0
228	485	0
228	486	0
228	487	0
228	488	0
228	491	0
228	496	0
228	499	0
228	524	0
228	529	0
228	533	0
228	552	0
228	562	0
228	569	0
228	574	0
228	577	0
228	579	0
228	618	0
228	633	0
228	647	0
228	648	0
228	651	0
228	653	0
228	674	0
228	676	0
228	684	0
229	487	0
230	602	0
231	533	0
231	648	0
231	651	0
232	633	0
233	627	1
234	479	0
234	485	0
234	486	0
234	487	0
234	491	0
234	496	0
234	499	0
234	512	0
234	524	0
234	529	0
234	533	0
234	552	0
234	562	0
234	569	0
234	577	0
234	579	0
234	591	0
234	623	0
234	624	0
234	633	0
234	647	0
234	648	0
234	651	0
234	653	0
234	676	0
235	624	0
235	633	0
236	579	0
236	602	0
236	648	0
236	653	0
236	676	0
237	467	0
237	479	0
237	483	0
237	485	0
237	486	0
237	487	0
237	488	0
237	491	0
237	496	0
237	499	0
237	524	0
237	529	0
237	533	0
237	552	0
237	562	0
237	569	0
237	577	0
237	579	0
237	591	0
237	602	0
237	618	0
237	623	0
237	624	0
237	633	0
237	647	0
237	648	0
237	651	0
237	653	0
237	674	0
237	676	0
237	684	0
238	499	0
238	524	0
238	529	0
238	533	0
238	577	0
238	579	0
238	648	0
238	653	0
239	491	0
239	512	0
239	524	0
239	533	0
239	648	0
239	676	0
240	499	0
240	533	0
240	579	0
240	648	0
240	653	0
241	478	2
241	513	2
241	521	1
241	563	1
241	570	0
241	592	1
242	653	0
243	476	2
243	478	0
243	490	2
243	513	2
243	535	2
243	563	2
243	576	2
243	581	2
243	592	2
243	670	1
243	682	0
244	476	2
244	478	2
244	490	2
244	513	2
244	563	2
244	576	2
244	581	2
244	592	2
244	639	2
244	666	2
244	670	0
244	682	0
245	476	0
245	478	2
245	490	0
245	513	0
245	521	2
245	563	0
245	570	0
245	576	2
245	592	0
245	682	0
246	579	0
246	624	0
246	647	0
246	648	0
247	467	0
247	479	0
247	483	0
247	485	0
247	486	0
247	487	0
247	488	0
247	491	0
247	496	0
247	499	0
247	524	0
247	529	0
247	533	0
247	552	0
247	562	0
247	569	0
247	577	0
247	579	0
247	591	0
247	602	0
247	618	0
247	623	0
247	624	0
247	633	0
247	647	0
247	648	0
247	651	0
247	653	0
247	674	0
247	676	0
247	684	0
248	467	0
248	478	0
248	479	0
248	483	0
248	485	0
248	486	0
248	487	0
248	488	0
248	490	0
248	491	0
248	496	0
248	499	0
248	512	0
248	513	0
248	521	2
248	524	0
248	529	0
248	533	0
248	552	0
248	562	0
248	563	0
248	569	0
248	570	2
248	574	0
248	577	0
248	579	0
248	588	1
248	591	0
248	592	0
248	602	0
248	618	0
248	623	0
248	624	0
248	633	0
248	647	0
248	648	0
248	651	0
248	653	0
248	674	0
248	676	0
248	684	0
249	479	0
249	483	0
249	485	0
249	486	0
249	487	0
249	488	0
249	491	0
249	512	0
249	524	0
249	529	0
249	533	0
249	552	0
249	562	0
249	573	0
249	574	0
249	602	0
249	618	0
249	623	0
249	624	0
249	674	0
249	676	0
249	684	0
250	486	0
250	579	0
251	476	2
251	478	2
251	486	0
251	487	0
251	490	0
251	491	0
251	496	0
251	499	0
251	513	2
251	521	1
251	524	0
251	529	0
251	533	0
251	535	2
251	552	0
251	563	1
251	573	0
251	574	0
251	576	0
251	577	0
251	579	0
251	588	1
251	592	0
251	618	0
251	623	0
251	624	0
251	633	0
251	647	0
251	648	0
251	651	0
251	653	0
251	666	2
251	670	1
251	674	0
251	676	0
251	684	0
252	483	0
252	491	0
252	496	0
252	499	0
252	524	0
252	529	0
252	533	0
252	577	0
252	579	0
252	602	0
252	648	0
252	653	0
253	483	0
253	485	0
253	486	0
253	487	0
253	618	0
253	623	0
253	624	0
254	479	0
254	483	0
254	485	0
254	486	0
254	487	0
254	524	0
254	529	0
254	552	0
254	569	0
254	577	0
254	579	0
254	591	0
254	618	0
254	623	0
254	651	0
254	653	0
254	674	0
254	676	0
254	684	0
255	653	0
256	479	0
256	483	0
256	485	0
256	486	0
256	487	0
256	488	0
256	533	0
256	562	0
256	591	0
256	618	0
256	623	0
256	648	0
256	651	0
256	684	0
257	466	1
257	639	1
257	679	1
258	478	2
258	490	0
258	513	0
258	563	0
258	570	2
258	592	0
259	467	0
259	579	0
260	467	0
260	479	0
260	483	0
260	485	0
260	486	0
260	487	0
260	488	0
260	491	0
260	496	0
260	499	0
260	512	0
260	524	0
260	529	0
260	533	0
260	552	0
260	562	0
260	569	0
260	573	0
260	574	0
260	577	0
260	579	0
260	591	0
260	602	0
260	618	0
260	623	0
260	624	0
260	633	0
260	647	0
260	648	0
260	651	0
260	653	0
260	674	0
260	676	0
260	684	0
261	483	0
261	623	0
261	624	0
262	487	0
262	499	0
262	512	0
262	529	0
262	577	0
262	579	0
262	648	0
262	676	0
263	485	0
263	486	0
263	487	0
263	533	0
263	579	0
263	618	0
263	623	0
263	633	0
263	647	0
263	648	0
263	651	0
264	479	0
264	483	0
264	485	0
264	486	0
264	487	0
264	488	0
264	491	0
264	496	0
264	499	0
264	512	0
264	524	0
264	529	0
264	533	0
264	562	0
264	577	0
264	579	0
264	591	0
264	618	0
264	623	0
264	624	0
264	633	0
264	647	0
264	648	0
264	651	0
264	653	0
264	674	0
265	512	0
265	529	0
265	533	0
265	633	0
266	467	0
266	476	2
266	478	0
266	479	0
266	483	0
266	485	0
266	486	0
266	487	0
266	488	0
266	490	2
266	491	0
266	496	0
266	499	0
266	513	0
266	521	2
266	524	0
266	529	0
266	533	0
266	535	2
266	552	0
266	562	0
266	563	1
266	573	0
266	574	0
266	576	2
266	577	0
266	579	0
266	591	0
266	592	2
266	618	0
266	623	0
266	624	0
266	633	0
266	647	0
266	648	0
266	651	0
266	653	0
266	666	2
266	670	0
266	674	0
266	676	0
266	682	0
266	684	0
267	485	0
267	486	0
267	487	0
268	618	0
268	647	0
269	461	1
269	462	1
269	463	2
269	464	1
269	465	2
269	466	1
269	467	1
269	468	1
269	470	0
269	471	0
269	474	0
269	477	1
269	480	2
269	481	0
269	482	0
269	492	0
269	493	2
269	495	2
269	497	2
269	498	0
269	500	1
269	501	2
269	502	2
269	503	2
269	504	2
269	505	2
269	506	1
269	508	1
269	509	1
269	510	1
269	511	1
269	514	0
269	516	0
269	517	0
269	518	0
269	519	0
269	520	2
269	522	2
269	523	0
269	527	0
269	530	2
269	531	2
269	532	0
269	533	0
269	534	2
269	536	2
269	537	2
269	538	1
269	539	1
269	540	0
269	541	1
269	542	2
269	543	1
269	544	1
269	546	1
269	547	1
269	548	1
269	549	1
269	550	0
269	551	1
269	554	1
269	555	1
269	556	1
269	557	1
269	558	1
269	559	1
269	560	1
269	561	1
269	564	1
269	566	1
269	567	1
269	568	1
269	570	1
269	571	1
269	572	1
269	575	1
269	578	2
269	582	1
269	583	2
269	584	2
269	585	2
269	586	1
269	587	0
269	589	1
269	590	1
269	593	1
269	594	1
269	596	1
269	597	1
269	598	1
269	599	1
269	600	1
269	601	1
269	603	2
269	604	2
269	606	1
269	607	2
269	608	0
269	609	2
269	610	0
269	611	2
269	612	2
269	613	2
269	615	2
269	616	1
269	617	1
269	619	2
269	620	1
269	621	1
269	622	0
269	625	1
269	626	1
269	628	1
269	629	0
269	630	1
269	631	1
269	634	2
269	635	2
269	637	1
269	638	0
269	640	1
269	641	1
269	642	1
269	643	1
269	644	1
269	645	1
269	649	1
269	652	2
269	655	1
269	656	1
269	657	1
269	658	1
269	659	1
269	660	1
269	661	2
269	662	1
269	663	1
269	665	2
269	667	1
269	668	1
269	670	1
269	671	2
269	672	2
269	675	1
269	678	2
269	683	2
269	685	1
269	686	1
269	687	1
269	688	1
269	689	1
269	690	1
270	467	0
270	479	0
270	483	0
270	485	0
270	486	0
270	487	0
270	488	0
270	491	0
270	496	0
270	499	0
270	512	0
270	524	0
270	529	0
270	533	0
270	552	0
270	562	0
270	569	0
270	573	0
270	574	0
270	577	0
270	579	0
270	591	0
270	602	0
270	618	0
270	623	0
270	624	0
270	633	0
270	647	0
270	648	0
270	651	0
270	653	0
270	674	0
270	676	0
270	684	0
271	533	0
272	653	0
273	496	0
273	499	0
273	529	0
273	577	0
273	579	0
273	618	0
273	623	0
273	633	0
273	647	0
273	648	0
274	478	1
274	486	0
274	487	0
274	524	0
274	562	0
274	569	0
274	579	0
274	602	0
274	647	0
274	650	0
274	651	0
274	670	0
274	674	0
274	676	0
274	684	0
275	487	0
276	479	0
276	483	0
276	485	0
276	486	0
276	487	0
276	491	0
276	496	0
276	499	0
276	512	0
276	524	0
276	529	0
276	533	0
276	552	0
276	562	0
276	577	0
276	579	0
276	591	0
276	602	0
276	618	0
276	623	0
276	624	0
276	633	0
276	647	0
276	648	0
276	651	0
276	653	0
276	674	0
276	676	0
276	684	0
277	479	0
277	483	0
277	485	0
277	486	0
277	487	0
277	618	0
277	623	0
277	624	0
278	466	0
278	467	0
278	468	0
278	478	0
278	479	0
278	483	0
278	485	0
278	486	0
278	487	0
278	488	0
278	489	0
278	490	1
278	499	0
278	512	0
278	524	0
278	529	0
278	533	0
278	552	0
278	562	0
278	569	0
278	570	1
278	577	0
278	579	0
278	591	0
278	592	1
278	618	0
278	623	0
278	624	0
278	633	0
278	639	1
278	647	0
278	648	0
278	651	0
278	653	0
278	684	0
279	478	2
279	513	0
279	563	2
279	570	2
279	592	2
279	670	0
280	479	0
280	486	0
280	487	0
280	499	0
280	524	0
280	529	0
280	533	0
280	552	0
280	562	0
280	569	0
280	577	0
280	579	0
280	591	0
280	602	0
280	623	0
280	624	0
280	633	0
280	647	0
280	648	0
280	651	0
280	653	0
280	674	0
280	676	0
281	486	0
281	512	0
281	624	0
282	466	2
282	468	1
282	478	1
282	490	0
282	528	0
282	532	0
282	545	0
282	580	0
282	646	0
282	680	0
283	467	0
283	479	0
283	483	0
283	485	0
283	486	0
283	487	0
283	488	0
283	491	0
283	496	0
283	499	0
283	512	0
283	524	0
283	529	0
283	533	0
283	552	0
283	562	0
283	569	0
283	573	0
283	574	0
283	577	0
283	579	0
283	591	0
283	602	0
283	618	0
283	623	0
283	624	0
283	633	0
283	647	0
283	648	0
283	651	0
283	653	0
283	674	0
283	676	0
283	684	0
284	623	0
284	648	0
285	684	0
286	479	0
286	483	0
286	486	0
286	487	0
286	488	0
286	491	0
286	496	0
286	499	0
286	512	0
286	524	0
286	529	0
286	533	0
286	552	0
286	562	0
286	569	0
286	577	0
286	579	0
286	591	0
286	602	0
286	618	0
286	623	0
286	624	0
286	633	0
286	647	0
286	648	0
286	651	0
286	653	0
286	674	0
286	676	0
287	512	0
287	524	0
287	533	0
287	579	0
287	623	0
287	648	0
287	651	0
287	676	0
288	483	0
288	485	0
288	486	0
288	487	0
288	618	0
288	623	0
288	624	0
289	486	0
289	487	0
289	491	0
289	496	0
289	499	0
289	512	0
289	524	0
289	529	0
289	533	0
289	552	0
289	562	0
289	569	0
289	573	0
289	574	0
289	577	0
289	579	0
289	591	0
289	618	0
289	623	0
289	633	0
289	647	0
289	648	0
289	651	0
289	653	0
289	674	0
289	676	0
289	684	0
290	476	2
290	478	2
290	479	0
290	483	0
290	485	0
290	486	0
290	487	0
290	488	0
290	490	2
290	491	0
290	496	0
290	499	0
290	512	0
290	513	0
290	521	2
290	524	0
290	529	0
290	533	0
290	552	0
290	562	0
290	563	0
290	569	0
290	570	0
290	573	0
290	574	0
290	577	0
290	579	0
290	581	2
290	591	0
290	592	2
290	602	0
290	618	0
290	623	0
290	624	0
290	633	0
290	647	0
290	648	0
290	651	0
290	653	0
290	666	2
290	670	2
290	674	0
290	676	0
290	684	0
291	479	0
291	483	0
291	485	0
291	486	0
291	487	0
291	488	0
291	491	0
291	496	0
291	499	0
291	512	0
291	524	0
291	529	0
291	533	0
291	552	0
291	562	0
291	569	0
291	573	0
291	574	0
291	577	0
291	579	0
291	591	0
291	602	0
291	618	0
291	623	0
291	624	0
291	633	0
291	647	0
291	648	0
291	651	0
291	653	0
291	674	0
291	676	0
291	684	0
292	467	0
292	483	0
292	491	0
292	496	0
292	499	0
292	512	0
292	524	0
292	529	0
292	533	0
292	552	0
292	569	0
292	577	0
292	579	0
292	591	0
292	602	0
292	618	0
292	633	0
292	647	0
292	648	0
292	651	0
292	653	0
292	674	0
292	676	0
293	496	0
294	563	2
294	570	0
295	488	0
295	524	0
295	573	0
295	574	0
296	633	0
297	624	0
297	653	0
298	467	0
298	479	0
298	483	0
298	485	0
298	486	0
298	487	0
298	488	0
298	491	0
298	496	0
298	499	0
298	512	0
298	524	0
298	529	0
298	533	0
298	552	0
298	562	0
298	569	0
298	579	0
298	591	0
298	602	0
298	618	0
298	623	0
298	624	0
298	633	0
298	647	0
298	648	0
298	651	0
298	653	0
298	674	0
298	676	0
298	684	0
299	479	0
299	483	0
299	485	0
299	486	0
299	487	0
299	488	0
299	491	0
299	496	0
299	499	0
299	512	0
299	524	0
299	529	0
299	533	0
299	552	0
299	562	0
299	569	0
299	573	0
299	574	0
299	577	0
299	579	0
299	591	0
299	602	0
299	623	0
299	624	0
299	633	0
299	647	0
299	648	0
299	651	0
299	653	0
299	674	0
299	676	0
299	684	0
300	467	0
300	479	0
300	483	0
300	485	0
300	486	0
300	487	0
300	488	0
300	496	0
300	499	0
300	512	0
300	524	0
300	529	0
300	533	0
300	552	0
300	562	0
300	569	0
300	577	0
300	579	0
300	591	0
300	618	0
300	623	0
300	624	0
300	633	0
300	647	0
300	648	0
300	651	0
300	653	0
300	684	0
301	529	0
301	653	0
302	653	0
303	529	0
304	467	0
304	479	0
304	483	0
304	485	0
304	486	0
304	487	0
304	488	0
304	491	0
304	496	0
304	499	0
304	512	0
304	524	0
304	529	0
304	533	0
304	552	0
304	562	0
304	569	0
304	573	0
304	574	0
304	577	0
304	579	0
304	591	0
304	618	0
304	623	0
304	624	0
304	633	0
304	647	0
304	648	0
304	651	0
304	653	0
304	674	0
304	676	0
304	684	0
305	479	0
305	483	0
305	485	0
305	486	0
305	487	0
305	488	0
305	491	0
305	496	0
305	499	0
305	512	0
305	524	0
305	529	0
305	533	0
305	552	0
305	562	0
305	569	0
305	573	0
305	574	0
305	577	0
305	579	0
305	591	0
305	618	0
305	623	0
305	624	0
305	633	0
305	647	0
305	648	0
305	651	0
305	653	0
305	684	0
306	466	2
306	468	2
306	478	2
306	483	0
306	485	0
306	486	0
306	487	0
306	488	0
306	490	1
306	491	0
306	496	0
306	498	1
306	499	0
306	524	0
306	529	0
306	532	2
306	533	0
306	552	0
306	562	0
306	563	2
306	569	0
306	573	0
306	574	0
306	576	0
306	577	0
306	579	0
306	618	0
306	623	0
306	632	2
306	633	0
306	646	2
306	647	0
306	648	0
306	651	0
306	674	0
306	684	0
307	485	0
307	577	0
308	476	2
308	478	0
308	479	0
308	483	0
308	486	0
308	490	2
308	491	0
308	512	0
308	513	2
308	521	1
308	524	0
308	529	0
308	533	0
308	535	2
308	552	0
308	562	0
308	563	2
308	570	0
308	573	0
308	574	0
308	576	2
308	592	2
308	602	0
308	618	0
308	651	0
308	653	0
308	666	2
308	670	2
308	674	0
308	676	0
308	682	2
308	684	0
309	648	0
310	467	0
310	479	0
310	483	0
310	486	0
310	487	0
310	488	0
310	491	0
310	496	0
310	499	0
310	512	0
310	524	0
310	529	0
310	533	0
310	552	0
310	562	0
310	569	0
310	573	0
310	574	0
310	577	0
310	579	0
310	591	0
310	602	0
310	618	0
310	623	0
310	624	0
310	633	0
310	647	0
310	648	0
310	651	0
310	653	0
310	674	0
310	676	0
311	476	0
311	478	0
311	479	0
311	483	0
311	485	0
311	486	0
311	487	0
311	488	0
311	490	0
311	491	0
311	513	0
311	521	2
311	524	0
311	529	0
311	535	0
311	552	0
311	563	0
311	570	0
311	573	0
311	574	0
311	576	0
311	592	0
311	602	0
311	618	0
311	623	0
311	624	0
311	666	1
311	670	1
311	674	0
311	676	0
311	682	0
311	684	0
312	499	0
312	577	0
312	579	0
312	648	0
312	653	0
313	467	0
313	479	0
313	483	0
313	485	0
313	486	0
313	487	0
313	488	0
313	499	0
313	512	0
313	524	0
313	529	0
313	533	0
313	552	0
313	562	0
313	569	0
313	577	0
313	579	0
313	591	0
313	618	0
313	623	0
313	624	0
313	633	0
313	647	0
313	648	0
313	651	0
313	653	0
313	684	0
314	467	0
314	483	0
314	486	0
314	491	0
314	496	0
314	499	0
314	524	0
314	529	0
314	533	0
314	562	0
314	569	0
314	577	0
314	579	0
314	591	0
314	602	0
314	618	0
314	633	0
314	647	0
314	648	0
314	651	0
314	653	0
314	674	0
314	676	0
315	533	0
316	485	0
316	486	0
316	487	0
316	488	0
316	496	0
316	499	0
316	524	0
316	529	0
316	533	0
316	569	0
316	577	0
316	579	0
316	591	0
316	602	0
316	623	0
316	633	0
316	647	0
316	648	0
316	651	0
316	653	0
316	674	0
316	676	0
317	499	0
318	486	0
318	487	0
318	499	0
318	524	0
318	529	0
318	533	0
318	562	0
318	569	0
318	577	0
318	579	0
318	591	0
318	602	0
318	624	0
318	647	0
318	648	0
318	651	0
318	653	0
318	676	0
319	488	0
319	524	0
319	573	0
319	574	0
320	467	0
320	479	0
320	483	0
320	485	0
320	486	0
320	487	0
320	488	0
320	491	0
320	496	0
320	499	0
320	512	0
320	524	0
320	529	0
320	533	0
320	552	0
320	562	0
320	569	0
320	573	0
320	574	0
320	577	0
320	579	0
320	591	0
320	602	0
320	618	0
320	623	0
320	624	0
320	647	0
320	648	0
320	651	0
320	653	0
320	674	0
320	676	0
320	684	0
321	524	0
322	494	1
322	676	1
323	499	0
323	579	0
323	648	0
323	653	0
324	498	0
324	513	0
324	532	0
324	570	1
324	580	0
325	563	1
326	479	0
326	483	0
326	485	0
326	486	0
326	487	0
326	488	0
326	524	0
326	529	0
326	533	0
326	552	0
326	562	0
326	573	0
326	574	0
326	618	0
326	684	0
327	623	0
327	624	0
328	472	0
328	475	0
328	476	2
328	478	2
328	490	2
328	513	1
328	563	0
328	570	1
328	576	2
328	581	2
328	588	1
328	592	0
328	670	2
328	682	2
329	479	0
329	483	0
329	485	0
329	486	0
329	487	0
329	488	0
329	491	0
329	496	0
329	499	0
329	524	0
329	529	0
329	533	0
329	552	0
329	577	0
329	579	0
329	591	0
329	602	0
329	618	0
329	623	0
329	624	0
329	633	0
329	647	0
329	648	0
329	651	0
329	653	0
329	674	0
329	676	0
329	684	0
330	486	0
330	499	0
330	512	0
330	529	0
330	533	0
330	577	0
330	579	0
330	633	0
330	647	0
330	648	0
330	651	0
331	467	0
331	577	0
331	623	0
331	647	0
332	467	0
332	479	0
332	483	0
332	486	0
332	487	0
332	491	0
332	496	0
332	499	0
332	512	0
332	524	0
332	529	0
332	533	0
332	552	0
332	569	0
332	577	0
332	579	0
332	591	0
332	602	0
332	618	0
332	623	0
332	624	0
332	633	0
332	647	0
332	648	0
332	651	0
332	653	0
332	674	0
332	676	0
332	684	0
333	524	0
334	485	0
334	486	0
334	487	0
334	623	0
334	624	0
335	486	0
335	487	0
335	579	0
335	623	0
335	633	0
335	647	0
335	648	0
336	487	0
336	496	0
336	499	0
336	577	0
336	579	0
336	647	0
336	648	0
336	653	0
336	684	0
337	483	0
337	488	0
338	573	0
338	574	0
339	478	0
339	513	2
339	563	1
339	570	1
340	467	0
340	479	0
340	483	0
340	486	0
340	487	0
340	488	0
340	491	0
340	496	0
340	499	0
340	512	0
340	524	0
340	529	0
340	533	0
340	552	0
340	569	0
340	573	0
340	574	0
340	577	0
340	579	0
340	591	0
340	602	0
340	618	0
340	623	0
340	624	0
340	633	0
340	647	0
340	648	0
340	651	0
340	653	0
340	674	0
340	676	0
340	684	0
341	491	0
341	496	0
341	499	0
341	524	0
341	529	0
341	533	0
341	552	0
341	569	0
341	577	0
341	579	0
341	618	0
341	647	0
341	648	0
341	651	0
341	674	0
341	676	0
341	684	0
342	476	2
342	478	2
342	490	2
342	513	2
342	553	1
342	563	2
342	570	0
342	588	1
342	592	2
342	682	2
343	573	0
343	574	0
344	486	0
345	563	0
346	487	0
346	577	0
346	579	0
346	648	0
347	486	0
347	487	0
348	529	0
349	486	0
349	487	0
349	579	0
349	623	0
349	633	0
349	647	0
350	467	0
350	479	0
350	483	0
350	485	0
350	486	0
350	487	0
350	618	0
350	623	0
350	624	0
351	467	0
351	486	0
351	487	0
351	623	0
351	624	0
352	479	0
352	483	0
352	485	0
352	486	0
352	487	0
352	624	0
353	467	0
353	479	0
353	483	0
353	485	0
353	486	0
353	487	0
353	488	0
353	491	0
353	496	0
353	552	0
353	562	0
353	569	0
353	579	0
353	602	0
353	618	0
353	674	0
353	684	0
354	479	0
354	483	0
354	485	0
354	486	0
354	496	0
354	524	0
354	529	0
354	552	0
354	602	0
354	618	0
354	624	0
354	647	0
354	651	0
354	684	0
355	572	0
355	592	1
356	487	0
357	533	0
357	562	0
357	618	0
357	623	0
357	647	0
358	521	0
358	553	1
358	639	2
359	623	0
360	499	0
360	579	0
360	648	0
360	653	0
361	623	0
361	624	0
362	486	0
363	483	0
364	466	1
364	478	1
364	490	1
364	498	1
364	565	0
364	592	1
364	622	1
365	483	0
365	488	0
365	624	0
366	529	0
367	467	0
367	479	0
367	483	0
367	485	0
367	486	0
367	487	0
367	488	0
367	491	0
367	496	0
367	499	0
367	512	0
367	524	0
367	529	0
367	533	0
367	552	0
367	562	0
367	569	0
367	573	0
367	574	0
367	577	0
367	579	0
367	591	0
367	602	0
367	618	0
367	623	0
367	624	0
367	633	0
367	647	0
367	648	0
367	651	0
367	653	0
367	674	0
367	676	0
367	684	0
368	467	0
368	479	0
368	483	0
368	485	0
368	486	0
368	487	0
368	488	0
368	491	0
368	496	0
368	499	0
368	512	0
368	524	0
368	529	0
368	533	0
368	552	0
368	562	0
368	573	0
368	574	0
368	577	0
368	579	0
368	591	0
368	602	0
368	618	0
368	623	0
368	624	0
368	633	0
368	647	0
368	648	0
368	651	0
368	653	0
368	674	0
368	676	0
368	684	0
369	467	0
369	479	0
369	483	0
369	485	0
369	486	0
369	487	0
369	488	0
369	491	0
369	496	0
369	499	0
369	512	0
369	524	0
369	529	0
369	533	0
369	552	0
369	562	0
369	573	0
369	574	0
369	577	0
369	579	0
369	591	0
369	602	0
369	618	0
369	623	0
369	624	0
369	633	0
369	647	0
369	648	0
369	651	0
369	653	0
369	674	0
369	676	0
369	684	0
370	467	0
370	478	2
370	479	0
370	483	0
370	485	0
370	486	0
370	487	0
370	488	0
370	490	2
370	491	0
370	496	0
370	499	0
370	512	0
370	513	2
370	524	0
370	529	0
370	533	0
370	552	0
370	553	2
370	562	0
370	563	2
370	573	0
370	574	0
370	576	1
370	577	0
370	579	0
370	581	2
370	591	0
370	592	2
370	602	0
370	618	0
370	623	0
370	624	0
370	632	2
370	633	0
370	647	0
370	648	0
370	650	2
370	651	0
370	653	0
370	670	0
370	674	0
370	676	0
370	682	0
370	684	0
371	648	0
371	653	0
372	478	1
372	490	0
372	521	1
373	467	0
373	479	0
373	483	0
373	485	0
373	486	0
373	487	0
373	488	0
373	491	0
373	496	0
373	499	0
373	512	0
373	524	0
373	529	0
373	533	0
373	552	0
373	562	0
373	569	0
373	577	0
373	579	0
373	591	0
373	618	0
373	623	0
373	624	0
373	633	0
373	647	0
373	648	0
373	651	0
373	653	0
373	684	0
374	467	0
374	479	0
374	483	0
374	485	0
374	486	0
374	487	0
374	488	0
374	491	0
374	496	0
374	499	0
374	524	0
374	529	0
374	533	0
374	552	0
374	553	2
374	562	0
374	569	0
374	577	0
374	579	0
374	591	0
374	602	0
374	618	0
374	623	0
374	624	0
374	633	0
374	639	2
374	647	0
374	648	0
374	651	0
374	653	0
374	666	2
374	674	0
374	676	0
374	684	0
375	479	0
375	483	0
375	485	0
375	486	0
375	487	0
375	488	0
375	499	0
375	512	0
375	524	0
375	529	0
375	533	0
375	552	0
375	562	0
375	573	0
375	574	0
375	577	0
375	579	0
375	591	0
375	618	0
375	623	0
375	624	0
375	633	0
375	647	0
375	648	0
375	651	0
375	653	0
375	674	0
375	684	0
375	478	0
375	513	2
375	563	2
375	570	0
375	670	2
376	466	0
376	478	1
376	681	1
377	653	0
378	485	0
378	579	0
378	618	0
378	647	0
379	479	0
379	483	0
379	485	0
379	486	0
379	487	0
379	488	0
379	491	0
379	496	0
379	499	0
379	512	0
379	524	0
379	529	0
379	533	0
379	552	0
379	562	0
379	569	0
379	573	0
379	574	0
379	577	0
379	579	0
379	591	0
379	602	0
379	618	0
379	623	0
379	624	0
379	633	0
379	648	0
379	651	0
379	653	0
379	674	0
379	676	0
379	684	0
380	467	0
380	479	0
380	483	0
380	485	0
380	486	0
380	487	0
380	488	0
380	499	0
380	512	0
380	524	0
380	529	0
380	533	0
380	552	0
380	562	0
380	569	0
380	577	0
380	579	0
380	591	0
380	618	0
380	623	0
380	624	0
380	633	0
380	647	0
380	648	0
380	651	0
380	653	0
380	684	0
381	499	0
381	524	0
381	529	0
381	533	0
381	562	0
381	569	0
381	577	0
381	579	0
381	633	0
381	647	0
381	648	0
381	651	0
381	653	0
382	486	0
382	577	0
382	579	0
382	623	0
382	624	0
382	633	0
382	647	0
382	648	0
383	577	0
383	579	0
383	633	0
384	466	0
385	623	0
385	648	0
385	653	0
386	648	0
386	653	0
387	476	0
387	478	0
387	490	0
387	513	0
387	563	0
387	576	0
387	592	0
387	682	0
388	478	2
388	490	0
388	513	0
388	521	0
388	563	0
388	570	0
388	592	0
389	476	2
389	478	2
389	479	0
389	483	0
389	485	0
389	486	0
389	487	0
389	488	0
389	490	0
389	491	0
389	496	0
389	499	0
389	512	0
389	513	0
389	521	2
389	524	0
389	529	0
389	533	0
389	552	0
389	562	0
389	563	0
389	569	0
389	570	0
389	573	0
389	574	0
389	576	2
389	577	0
389	579	0
389	592	2
389	602	0
389	618	0
389	623	0
389	624	0
389	633	0
389	648	0
389	651	0
389	666	2
389	670	2
389	674	0
389	676	0
389	682	2
389	684	0
390	496	0
390	533	0
390	579	0
390	648	0
390	674	0
391	684	0
392	467	0
392	479	0
392	483	0
392	485	0
392	486	0
392	487	0
392	488	0
392	491	0
392	496	0
392	499	0
392	524	0
392	529	0
392	533	0
392	552	0
392	562	0
392	569	0
392	577	0
392	579	0
392	591	0
392	602	0
392	618	0
392	623	0
392	624	0
392	633	0
392	647	0
392	648	0
392	651	0
392	653	0
392	674	0
392	676	0
392	684	0
393	499	0
393	529	0
393	533	0
393	577	0
393	579	0
393	648	0
393	653	0
394	466	0
394	468	0
394	478	1
394	489	1
394	592	0
395	479	0
395	483	0
395	485	0
395	486	0
395	487	0
395	512	0
395	524	0
395	529	0
395	533	0
395	562	0
395	569	0
395	573	0
395	577	0
395	591	0
395	618	0
395	623	0
395	647	0
395	648	0
395	651	0
395	653	0
396	618	0
396	633	0
396	647	0
397	499	0
397	524	0
397	529	0
397	533	0
397	562	0
397	569	0
397	577	0
397	579	0
397	647	0
397	648	0
397	651	0
397	653	0
399	483	0
400	513	0
401	499	0
401	533	0
401	577	0
401	579	0
401	647	0
401	648	0
401	653	0
401	684	0
398	570	0
402	570	0
403	467	0
404	467	0
404	479	0
404	483	0
404	486	0
404	487	0
404	491	0
404	496	0
404	499	0
404	512	0
404	524	0
404	529	0
404	533	0
404	552	0
404	569	0
404	573	0
404	574	0
404	577	0
404	579	0
404	591	0
404	602	0
404	618	0
404	623	0
404	624	0
404	633	0
404	647	0
404	648	0
404	651	0
404	653	0
404	674	0
404	676	0
404	684	0
405	486	0
405	487	0
405	529	0
405	533	0
405	577	0
405	579	0
405	591	0
405	623	0
405	624	0
405	633	0
405	647	0
405	648	0
405	651	0
405	653	0
405	676	0
406	467	0
406	479	0
406	483	0
406	486	0
406	487	0
406	488	0
406	491	0
406	577	0
406	618	0
406	624	0
406	633	0
407	521	2
407	563	1
407	666	0
407	670	1
408	478	2
408	490	2
408	513	1
408	521	2
408	563	2
408	570	2
408	592	2
409	478	2
409	490	0
409	507	1
409	513	1
409	521	2
409	553	1
409	563	0
409	570	0
409	588	1
409	592	0
409	666	1
409	670	2
409	682	2
410	512	0
410	524	0
410	623	0
410	676	0
411	618	0
412	499	0
412	648	0
412	653	0
413	486	0
413	487	0
413	496	0
413	512	0
413	524	0
413	529	0
413	533	0
413	577	0
413	579	0
413	618	0
413	623	0
413	624	0
413	633	0
413	647	0
413	648	0
413	651	0
413	653	0
413	684	0
414	467	0
414	479	0
414	483	0
414	485	0
414	486	0
414	487	0
414	488	0
414	491	0
414	496	0
414	499	0
414	512	0
414	524	0
414	529	0
414	533	0
414	552	0
414	562	0
414	569	0
414	573	0
414	574	0
414	577	0
414	579	0
414	591	0
414	602	0
414	618	0
414	623	0
414	624	0
414	647	0
414	648	0
414	651	0
414	653	0
414	674	0
414	676	0
414	684	0
415	467	0
415	479	0
415	483	0
415	485	0
415	486	0
415	487	0
415	488	0
415	491	0
415	496	0
415	499	0
415	512	0
415	524	0
415	529	0
415	533	0
415	552	0
415	562	0
415	569	0
415	573	0
415	574	0
415	577	0
415	579	0
415	591	0
415	602	0
415	618	0
415	623	0
415	624	0
415	647	0
415	648	0
415	651	0
415	653	0
415	674	0
415	676	0
415	684	0
416	533	0
416	579	0
416	633	0
416	648	0
417	479	0
417	483	0
417	485	0
417	486	0
417	487	0
417	491	0
417	499	0
417	512	0
417	524	0
417	529	0
417	533	0
417	562	0
417	569	0
417	573	0
417	574	0
417	577	0
417	579	0
417	591	0
417	602	0
417	618	0
417	623	0
417	624	0
417	633	0
417	647	0
417	648	0
417	651	0
417	653	0
417	674	0
417	676	0
417	684	0
418	524	0
418	573	0
418	574	0
419	485	0
419	486	0
419	487	0
419	524	0
419	577	0
419	579	0
419	623	0
419	624	0
419	633	0
419	647	0
419	648	0
420	467	0
420	479	0
420	483	0
420	485	0
420	486	0
420	487	0
420	488	0
420	491	0
420	496	0
420	499	0
420	512	0
420	524	0
420	529	0
420	552	0
420	569	0
420	577	0
420	579	0
420	591	0
420	602	0
420	618	0
420	623	0
420	624	0
420	633	0
420	647	0
420	648	0
420	651	0
420	653	0
420	674	0
420	676	0
420	684	0
421	486	0
421	487	0
421	491	0
421	496	0
421	499	0
421	524	0
421	529	0
421	533	0
421	552	0
421	569	0
421	577	0
421	579	0
421	602	0
421	623	0
421	624	0
421	633	0
421	647	0
421	648	0
421	651	0
421	653	0
421	684	0
422	577	0
422	591	0
422	602	0
423	478	0
423	513	0
423	563	1
423	570	2
423	592	0
424	467	0
424	479	0
424	483	0
424	486	0
424	487	0
424	488	0
424	491	0
424	496	0
424	499	0
424	512	0
424	524	0
424	529	0
424	533	0
424	552	0
424	569	0
424	577	0
424	579	0
424	591	0
424	602	0
424	618	0
424	623	0
424	624	0
424	633	0
424	647	0
424	648	0
424	651	0
424	653	0
424	674	0
424	676	0
424	684	0
425	478	2
425	490	0
425	513	2
425	521	2
425	553	1
425	563	1
425	570	0
425	588	1
425	592	1
426	467	0
426	479	0
426	483	0
426	485	0
426	486	0
426	487	0
426	488	0
426	496	0
426	499	0
426	512	0
426	524	0
426	529	0
426	533	0
426	552	0
426	562	0
426	569	0
426	577	0
426	579	0
426	591	0
426	618	0
426	623	0
426	624	0
426	633	0
426	647	0
426	648	0
426	651	0
426	653	0
426	684	0
427	486	0
427	487	0
427	496	0
427	499	0
427	512	0
427	524	0
427	529	0
427	533	0
427	552	0
427	562	0
427	569	0
427	577	0
427	579	0
427	591	0
427	623	0
427	624	0
427	633	0
427	647	0
427	648	0
427	651	0
427	653	0
427	676	0
428	483	0
428	491	0
428	499	0
428	512	0
428	524	0
428	533	0
428	552	0
428	569	0
428	591	0
428	618	0
428	623	0
428	624	0
428	648	0
428	676	0
429	512	0
429	529	0
429	552	0
429	579	0
429	591	0
429	602	0
429	648	0
429	653	0
429	674	0
429	676	0
430	479	0
430	483	0
430	485	0
430	488	0
430	499	0
430	618	0
430	623	0
430	624	0
431	524	0
431	602	0
431	648	0
431	653	0
432	524	0
432	618	0
432	623	0
432	624	0
432	633	0
432	648	0
433	486	0
433	487	0
433	579	0
433	623	0
433	633	0
433	647	0
433	648	0
433	651	0
434	467	0
434	479	0
434	483	0
434	485	0
434	486	0
434	487	0
434	488	0
434	491	0
434	496	0
434	499	0
434	512	0
434	524	0
434	529	0
434	533	0
434	552	0
434	562	0
434	569	0
434	573	0
434	574	0
434	577	0
434	579	0
434	591	0
434	602	0
434	618	0
434	623	0
434	624	0
434	633	0
434	647	0
434	648	0
434	651	0
434	653	0
434	674	0
434	676	0
434	684	0
435	467	0
436	512	0
437	467	0
437	479	0
437	483	0
437	485	0
437	486	0
437	487	0
437	491	0
437	512	0
437	524	0
437	533	0
437	552	0
437	562	0
437	569	0
437	573	0
437	574	0
437	579	0
437	591	0
437	602	0
437	618	0
437	623	0
437	624	0
437	633	0
437	648	0
437	653	0
437	674	0
437	676	0
438	577	0
438	579	0
438	623	0
438	633	0
438	647	0
438	648	0
439	467	0
439	579	0
440	479	0
440	483	0
440	485	0
440	487	0
440	488	0
440	569	0
440	618	0
440	633	0
440	647	0
441	483	0
441	485	0
441	486	0
441	487	0
441	618	0
441	623	0
441	624	0
442	460	1
442	467	0
442	479	0
442	483	0
442	485	0
442	486	0
442	487	0
442	491	0
442	496	0
442	499	0
442	524	0
442	552	0
442	562	0
442	563	1
442	569	0
442	573	0
442	574	0
442	579	0
442	602	0
442	618	0
442	639	1
442	651	0
443	563	2
444	499	0
444	512	0
444	524	0
444	533	0
444	569	0
444	579	0
444	633	0
444	648	0
444	651	0
444	653	0
444	676	0
445	479	0
445	483	0
445	485	0
445	486	0
445	487	0
445	488	0
445	491	0
445	496	0
445	499	0
445	524	0
445	529	0
445	533	0
445	552	0
445	562	0
445	569	0
445	577	0
445	579	0
445	591	0
445	602	0
445	618	0
445	623	0
445	624	0
445	633	0
445	647	0
445	648	0
445	651	0
445	653	0
445	674	0
445	676	0
446	478	0
446	507	1
446	563	0
446	570	0
446	588	1
447	467	0
447	479	0
447	483	0
447	485	0
447	486	0
447	487	0
447	488	0
447	491	0
447	496	0
447	499	0
447	512	0
447	524	0
447	529	0
447	533	0
447	552	0
447	562	0
447	569	0
447	577	0
447	579	0
447	591	0
447	592	0
447	602	0
447	618	0
447	623	0
447	624	0
447	633	0
447	647	0
447	648	0
447	651	0
447	653	0
447	674	0
447	676	0
447	684	0
448	490	1
448	592	1
449	466	1
449	468	0
449	478	0
449	489	0
449	521	2
449	570	1
449	592	1
449	666	0
450	479	0
450	485	0
450	486	0
450	487	0
450	488	0
450	491	0
450	496	0
450	499	0
450	512	0
450	524	0
450	529	0
450	533	0
450	552	0
450	562	0
450	569	0
450	577	0
450	579	0
450	591	0
450	624	0
450	633	0
450	647	0
450	648	0
450	651	0
450	653	0
450	674	0
450	676	0
451	499	0
451	533	0
451	648	0
451	653	0
452	499	0
452	579	0
452	651	0
453	676	1
454	488	0
454	491	0
454	496	0
454	499	0
454	512	0
454	524	0
454	533	0
454	569	0
454	579	0
454	623	0
454	624	0
454	633	0
454	648	0
454	651	0
454	674	0
454	676	0
455	479	0
455	483	0
455	485	0
455	488	0
455	491	0
455	524	0
455	573	0
455	574	0
455	618	0
455	647	0
456	684	0
457	533	0
458	467	0
458	486	0
458	487	0
458	577	0
458	579	0
458	623	0
458	633	0
459	467	0
459	487	0
459	529	0
459	577	0
459	623	0
459	633	0
459	647	0